23
116
119
173
267
359
429
491
519
599
886
1022
1024
1042
1044
1144
1149
1177
1353
1361
1508
1556
1563
1833
1836
2016
2103
2211
2265
2312
2377
2422
2438
2489
2518
2648
2674
2682
2740
2852
3119
3272
3281
3319
3459
3557
3605
3749
3771
3844
3869
3902
3962
4130
4134
4192
4197
4384
4387
4560
4587
4693
4728
4876
4919
4950
5091
5254
5306
5330
5346
5400
5408
5541
5841
5875
5884
5993
6020
6050
6311
6476
6605
6818
6827
6896
6968
6975
7020
7140
7193
7491
7502
7609
7729
7812
7849
7860
8029
8096
8398
8414
8483
8564
8689
8692
8693
8757
8840
9110
9316
9470
9557
9582
9745
9966
9976
10405
10451
10564
10580
10617
10930
11001
11150
11158
11235
11310
11433
11518
11621
11688
11818
11997
12071
12152
12268
12359
12378
12436
12445
12516
12530
12763
12865
12955
13008
13028
13088
13317
13440
13480
13573
13578
13604
13784
13800
13812
13859
14006
14036
14091
14114
14164
14249
14259
14291
14305
14464
14465
14492
14505
14534
14589
14598
14669
14778
14892
14947
14973
15083
15191
15227
15274
15398
15578
15582
15664
15681
15714
15785
15816
15878
16025
16239
16284
16286
16298
16412
16606
16621
16687
16795
16981
17074
17124
17131
17158
17184
17343
17355
17610
17661
17700
17733
18103
18188
18259
18412
18549
18555
18560
18675
18715
18760
18792
18845
19052
19086
19124
19134
19146
19242
19425
19545
19617
19643
19657
19660
19679
19686
19716
19838
19873
19899
19900
19960
20009
20020
20088
20279
20356
20363
20372
20393
20437
20442
20643
20837
20991
21221
21299
21305
21387
21401
21464
21531
21536
21570
21614
21668
21686
21707
21708
21733
21743
21809
21823
21826
22127
22150
22203
22469
22595
22776
22799
22800
22850
22855
22874
23111
23161
23268
23341
23456
23700
23854
23856
23956
24072
24073
24188
24194
24413
24502
24602
24751
24810
24873
24892
25112
25178
25546
25569
25679
25852
25987
26103
26246
26276
26294
26545
26722
26801
26918
26941
27016
27077
27191
27266
27324
27356
27378
27408
27451
27688
27764
27807
27996
28011
28082
28150
28179
28196
28206
28310
28351
28435
28471
28489
28523
28639
28727
28795
29029
29036
29106
29271
29277
29418
29458
29643
29703
29712
29749
29918
30014
30043
30165
30346
30384
30503
30585
30648
30713
31036
31101
31211
31398
31531
31607
31719
31730
31804
31883
32105
32229
32233
32254
32429
32482
32556
32606
32642
32654
32671
33201
33273
33299
33312
33330
33462
33511
33512
33623
33761
33996
34090
34121
34187
34447
34508
34800
34810
34919
34952
35126
35228
35297
35334
35669
35672
35693
35784
35826
35843
35918
36028
36250
36376
36380
36412
36628
36689
36703
37159
37481
37752
37831
37835
38062
38472
38475
38513
38514
38550
38685
38773
38810
38973
39014
39075
39181
39198
39334
39402
39426
39445
39733
39767
39811
39873
39903
39909
39943
39944
39949
39972
40458
40898
40911
40987
41228
41315
41414
41496
41570
41882
42343
42393
42776
42855
42890
42995
43021
43099
43226
43236
43256
43347
43460
43752
43834
43913
43963
44065
44167
44238
44271
44338
44382
44425
44582
44754
44758
44801
44866
44972
44979
45089
45342
45693
45714
45742
46101
46123
46270
46356
46471
46572
46658
47076
47430
47513
47603
47644
47650
47876
47998
48074
48322
48338
48398
48425
48432
48550
48652
48655
48666
48697
48768
48796
48957
49107
49463
49469
49483
49535
49571
49587
49601
49713
49824
50134
50207
50214
50259
50327
50375
50391
50552
50740
50778
50785
50813
50973
50989
51009
51028
51130
51619
51729
51743
51749
51750
51844
51913
52032
52073
52335
52536
52573
52649
52705
52737
52760
52797
52807
52859
52888
52919
52987
52994
53031
53241
53249
53324
53337
53419
53432
53442
53549
53580
53692
53693
53947
53962
53991
54034
54151
54154
54347
54382
54488
54558
54648
54774
54848
54864
54939
55260
55401
55402
55496
55504
55564
55659
55782
55790
55834
55864
55957
55960
55970
56021
56081
56087
56093
56174
56330
56379
56471
56702
56815
56999
57125
57167
57348
57624
57653
57654
57719
57883
57888
57926
58037
58064
58127
58132
58167
58270
58461
58719
58921
59019
59030
59182
59342
59377
59413
59592
59612
59644
59648
59727
59775
59869
59887
59936
59943
60022
60218
60373
60410
60443
60477
60613
60644
60653
60818
61000
61053
61055
61088
61126
61155
61339
61459
61670
61798
61954
62018
62081
62166
62210
62344
62370
62430
62458
62550
62668
62691
62753
62766
62888
62910
63009
63023
63025
63192
63344
63347
63430
63474
63512
63555
63590
63593
63823
63880
63898
64009
64113
64126
64173
64187
64390
64501
64536
64584
64641
64645
64719
64720
64840
64984
65046
65121
65133
65216
65398
65421
65453
65479
